Lake Erie Lambert conformal conic grid
  193   87  41.3358841  83.4890823 2000  628   30  0.00    0    0  0.00 -1 1
      81.000000      41.750000      42.500000
   0   0   0   0   0   0   0   0   0   0   0   0   0   0   0   0   0   0   0
   0   0   0   0   0   0   0   0   0   0   0   0   0   0   0   0   0   0   0
   0   0   0   0   0   0   0   0   0   0   0   0   0   0   0   0   0   0   0
   0   0   0   0   0   0   0   0   0   0   0   0   0   0   0   0   0   0   0
   0   0   0   0   0   0   0   0   0   0   0   0   0   0   0   0   0   0   0
   0   0   0   0   0   0   0   0   0   0   0   0   0   0   0   0   0   0   0
   0   0   0   0   0   0   0   0   0   0   0   0   0   0   0   0   0   0   0
   0   0   0   0   0   0   0   0   0   0   0   0   0   0   0   0   0   0   0
   0   0   0   0   0   0   0   0   0   0   0   0   0   0   0   0   0   0   0
   0   0   0   0   0   0   0   0   0   0   0   0   0   0   0   0   0   0   0
   0   0   0   0   0   0   0   0   0   0   0   0   0   0   0   0   0   0   0
   0   0   0   0   0   0   0   0   0   0   0   0   0   0   0   0   0   0   0
   0   0   0   0   0   0  39  34   0   0   0   0   0   0   0   0   0   0   0
   0   0   0   0   0   0   0   0   0   0   0   0   0   0   0   0   0   0   0
   0   0   0   0   0   0   0   0   0   0   0   0   0   0   0   0   0   0   0
   0   0   0   0   0   0   0   0   0   0   0   0   0   0   0   0   0   0   0
   0   0   0   0   0   0   0   0   0   0   0   0   0   0   0   0   0   0   0
   0   0   0   0   0   0   0   0   0   0   0   0   0   0   0   0   0   0   0
   0   0   0   0   0   0   0   0   0   0   0   0   0   0   0   0   0   0   0
   0   0   0   0   0   0   0   0   0   0   0   0   0   0   0   0   0   0   0
   0   0   0   0   0   0   0   0   0   0   0   0   0   0   0   0   0   0   0
   0   0   0   0   0   0   0   0   0   0   0   0   0   0   0   0   0   0   0
   0   0   0   0   0   0   0  35  62  78  70  41  30   0   0   0   0   0   0
   0   0   0   0   0   0   0   0   0   0   0   0   0   0   0   0   0   0   0
   0   0   0   0   0   0   0   0   0   0   0   0   0   0   0   0   0   0   0
   0   0   0   0   0   0   0   0   0   0   0   0   0   0   0   0   0   0   0
   0   0   0   0   0   0   0   0   0   0   0   0   0   0   0   0   0   0   0
   0   0   0   0   0   0   0   0   0   0   0   0   0   0   0   0   0   0   0
   0   0   0   0   0   0   0   0   0   0   0   0   0   0   0   0   0   0   0
   0   0   0   0   0   0   0   0   0   0   0   0   0   0   0   0   0   0   0
   0   0   0   0   0   0   0   0   0   0   0   0   0   0   0   0   0   0   0
   0   0   0   0   0   0   0   0   0   0   0   0   0   0   0   0   0   0   0
   0   0   0   0   0   0   0   0   0  55  77  91  98  98  87  66  36  30   0
   0   0   0   0   0   0   0   0   0   0   0   0   0   0   0   0   0   0   0
   0   0   0   0   0   0   0   0   0   0   0   0   0   0   0   0   0   0   0
   0   0   0   0   0   0   0   0   0   0   0   0   0   0   0   0   0   0   0
   0   0   0   0   0   0   0   0   0   0   0   0   0   0   0   0   0   0   0
   0   0   0   0   0   0   0   0   0   0   0   0   0   0   0   0   0   0   0
   0   0   0   0   0   0   0   0   0   0   0   0   0   0   0   0   0   0   0
   0   0   0   0   0   0   0   0   0   0   0   0   0   0   0   0   0   0   0
   0   0   0   0   0   0   0   0   0   0   0   0   0   0   0   0   0   0   0
   0   0   0   0   0   0   0   0   0   0   0   0   0   0   0   0   0   0   0
   0   0   0   0   0   0   0   0   0   0   0  71  92 102 106 108 109 110 106
  95  72  58  57  65  68  60   0   0   0   0   0   0   0   0   0   0   0   0
   0   0   0   0   0   0   0   0   0   0   0   0   0   0   0   0   0   0   0
   0   0   0   0   0   0   0   0   0   0   0   0   0   0   0   0   0   0   0
   0   0   0   0   0   0   0   0   0   0   0   0   0   0   0   0   0   0   0
   0   0   0   0   0   0   0   0   0   0   0   0   0   0   0   0   0   0   0
   0   0   0   0   0   0   0   0   0   0   0   0   0   0   0   0   0   0   0
   0   0   0   0   0   0   0   0   0   0   0   0   0   0   0   0   0   0   0
   0   0   0   0   0   0   0   0   0   0   0   0   0   0   0   0   0   0   0
   0   0   0   0   0   0   0   0   0   0   0   0   0   0   0   0   0   0   0
   0   0   0   0   0   0   0   0   0   0   0   0  30  74  96 108 112 115 117
 120 122 121 119 116 113 112 112 111  98  73  46   0   0   0   0   0   0   0
   0   0   0   0   0   0   0   0   0   0   0   0   0   0   0   0   0   0   0
   0   0   0   0   0   0   0   0   0   0   0   0   0   0   0   0   0   0   0
   0   0   0   0   0   0   0   0   0   0   0   0   0   0   0   0   0   0   0
   0   0   0   0   0   0   0   0   0   0   0   0   0   0   0   0   0   0   0
   0   0   0   0   0   0   0   0   0   0   0   0   0   0   0   0   0   0   0
   0   0   0   0   0   0   0   0   0   0   0   0   0   0   0   0   0   0   0
   0   0   0   0   0   0   0   0   0   0   0   0   0   0   0   0   0   0   0
   0   0   0   0   0   0   0   0   0   0   0   0   0   0   0   0   0   0   0
   0   0   0   0   0   0   0   0   0   0   0   0   0   0  30  68  92 108 118
 120 120 122 124 126 128 129 129 127 128 129 125 121 104  86  60  41   0   0
   0   0   0   0   0   0   0   0   0   0   0   0   0   0   0   0   0   0   0
   0   0   0   0   0   0   0   0   0   0   0   0   0   0   0   0   0   0   0
   0   0   0   0   0   0   0   0   0   0   0   0   0   0   0   0   0   0   0
   0   0   0   0   0   0   0   0   0   0   0   0   0   0   0   0   0   0   0
   0   0   0   0   0   0   0   0   0   0   0   0   0   0   0   0   0   0   0
   0   0   0   0   0   0   0   0   0   0   0   0   0   0   0   0   0   0   0
   0   0   0   0   0   0   0   0   0   0   0   0   0   0   0   0   0   0   0
   0   0   0   0   0   0   0   0   0   0   0   0   0   0   0   0   0   0   0
   0   0   0   0   0   0   0   0   0   0   0   0   0   0   0   0   0  46  84
 103 116 120 121 122 125 128 130 130 130 131 132 135 136 136 133 121 108 101
  93  75  51  32   0   0   0   0   0  44  65  75  87  77  65  50  51  67  71
   0   0   0   0   0   0   0   0   0   0   0   0   0   0   0   0   0   0   0
   0   0   0   0   0   0   0   0   0   0   0   0   0   0   0   0   0   0   0
   0   0   0   0   0   0   0   0   0   0   0   0   0   0   0   0   0   0   0
   0   0   0   0   0   0   0   0   0   0   0   0   0   0   0   0   0   0   0
   0   0   0   0   0   0   0   0   0   0   0   0   0   0   0   0   0   0   0
   0   0   0   0   0   0   0   0   0   0   0   0   0   0   0   0   0   0   0
   0   0   0   0   0   0   0   0   0   0   0   0   0   0   0   0   0   0   0
   0   0   0   0   0   0   0   0   0   0   0   0   0   0   0   0   0   0   0
  43  70  96 110 119 120 121 123 127 130 131 132 133 134 136 139 139 140 140
 136 117 118 121 127 121 104  82  63  41  36  61  94 115 124 128 129 126 124
 123 121 114  70   0   0   0   0   0   0   0   0   0   0   0   0   0   0   0
   0   0   0   0   0   0   0   0   0   0   0   0   0   0   0   0   0   0   0
   0   0   0   0   0   0   0   0   0   0   0   0   0   0   0   0   0   0   0
   0   0   0   0   0   0   0   0   0   0   0   0   0   0   0   0   0   0   0
   0   0   0   0   0   0   0   0   0   0   0   0   0   0   0   0   0   0   0
   0   0   0   0   0   0   0   0   0   0   0   0   0   0   0   0   0   0   0
   0   0   0   0   0   0   0   0   0   0   0   0   0   0   0   0   0   0   0
   0   0   0   0   0   0   0   0   0   0   0   0  30  30   0   0   0   0   0
   0   0   0  68  87 102 115 120 120 121 124 128 130 132 134 135 137 139 134
 119 134 140 141 142 142 142 142 142 142 140 133 119 108 125 134 141 145 148
 149 149 147 144 140 134 121  99  55   0   0   0   0   0   0   0   0   0   0
   0   0   0   0   0   0   0   0   0   0   0   0   0   0   0   0   0   0   0
   0   0   0   0   0   0   0   0   0   0   0   0   0   0   0   0   0   0   0
   0   0   0   0   0   0   0   0   0   0   0   0   0   0   0   0   0   0   0
   0   0   0   0   0   0   0   0   0   0   0   0   0   0   0   0   0   0   0
   0   0   0   0   0   0   0   0   0   0   0   0   0   0   0   0   0   0   0
   0   0   0   0   0   0   0   0   0   0   0   0   0   0   0   0   0   0   0
   0   0   0   0   0   0   0   0   0   0   0   0   0  30  30  35  39  37   0
   0   0   0   0   0   0  92 100 114 120 120 120 120 124 129 130 133 136 138
 139 140 130 113 122 137 140 143 148 148 146 147 149 151 152 152 152 154 155
 157 158 160 162 162 161 158 147 140 140 139 128 109   0   0   0   0   0   0
   0   0   0   0   0   0   0   0   0   0   0   0   0   0   0   0   0   0   0
   0   0   0   0   0   0   0   0   0   0   0   0   0   0   0   0   0   0   0
   0   0   0   0   0   0   0   0   0   0   0   0   0   0   0   0   0   0   0
   0   0   0   0   0   0   0   0   0   0   0   0   0   0   0   0   0   0   0
   0   0   0   0   0   0   0   0   0   0   0   0   0   0   0   0   0   0   0
   0   0   0   0   0   0   0   0   0   0   0   0   0   0   0   0   0   0   0
   0   0   0   0   0   0   0   0   0   0   0   0   0   0   0  30  37  41  43
  42  40  34   0   0  37  59  75  92  99 108 118 120 120 120 121 124 129 130
 135 139 139 140 137 125 129 131 136 140 140 142 147 149 151 153 155 156 158
 161 162 164 164 166 169 171 170 168 165 160 147 143 141 136 126 112  62   0
   0   0   0   0   0   0   0   0   0   0   0   0   0   0   0   0   0   0   0
   0   0   0   0   0   0   0   0   0   0   0   0   0   0   0   0   0   0   0
   0   0   0   0   0   0   0   0   0   0   0   0   0   0   0   0   0   0   0
   0   0   0   0   0   0   0   0   0   0   0   0   0   0   0   0   0   0   0
   0   0   0   0   0   0   0   0   0   0   0   0   0   0   0   0   0   0   0
   0   0   0   0   0   0   0   0   0   0   0   0   0   0   0   0   0   0   0
   0   0   0   0   0   0   0   0   0   0   0   0   0   0   0   0   0  31  45
  50  53  58  60  55  46   0  31  50  66  73  76  77 101 117 120 120 120 121
 124 129 131 136 140 140 140 134 128 130 129 132 140 141 144 148 151 155 158
 158 159 160 165 168 169 170 172 174 175 175 173 170 167 161 152 149 146 141
 133 107  58   0   0   0   0   0   0   0   0   0   0   0   0   0   0   0   0
   0   0   0   0   0   0   0   0   0   0   0   0   0   0   0   0   0   0   0
   0   0   0   0   0   0   0   0   0   0   0   0   0   0   0   0   0   0   0
   0   0   0   0   0   0   0   0   0   0   0   0   0   0   0   0   0   0   0
   0   0   0   0   0   0   0   0   0   0   0   0   0   0   0   0   0   0   0
   0   0   0   0   0   0   0   0   0   0   0   0   0   0   0   0   0   0   0
   0   0   0   0   0   0   0   0   0   0   0   0   0   0   0   0   0   0   0
  30  38  46  50  56  64  67  67  67  57  54  55  55  59  53   0  60 110 120
 121 120 122 126 128 131 134 138 140 140 133 126 121 125 133 143 150 152 154
 158 162 163 163 164 168 172 175 176 178 179 179 179 179 178 176 171 165 159
 157 153 149 137 124  99  53   0   0   0   0   0   0   0   0   0   0   0   0
   0   0   0   0   0   0   0   0   0   0   0   0   0   0   0   0   0   0   0
   0   0   0   0   0   0   0   0   0   0   0   0   0   0   0   0   0   0   0
   0   0   0   0   0   0   0   0   0   0   0   0   0   0   0   0   0   0   0
   0   0   0   0   0   0   0   0   0   0   0   0   0   0   0   0   0   0   0
   0   0   0   0   0   0   0   0   0   0   0   0   0   0   0   0   0   0   0
   0   0   0   0   0   0   0   0   0   0   0   0   0   0   0   0   0   0   0
   0   0  30  33  39  41  49  65  69  72  73  76  80  76  69  68  66   0   0
  57 113 125 125 121 121 122 124 131 133 137 140 138 127 120 124 132 140 149
 156 160 163 167 170 169 169 171 177 180 182 183 184 185 186 186 186 185 184
 180 170 159 161 161 156 150 140 125 103  63   0   0   0   0   0   0   0   0
   0   0   0   0   0   0   0   0   0   0   0   0   0   0   0   0   0   0   0
   0   0   0   0   0   0   0   0   0   0   0   0   0   0   0   0   0   0   0
   0   0   0   0   0   0   0   0   0   0   0   0   0   0   0   0   0   0   0
   0   0   0   0   0   0   0   0   0   0   0   0   0   0   0   0   0   0   0
   0   0   0   0   0   0   0   0   0   0   0   0   0   0   0   0   0   0   0
   0   0   0   0   0   0   0   0   0   0   0   0   0   0   0   0   0   0   0
   0   0  30  30  30  31  37  39  40  55  70  74  76  78  81  81  68  77  82
  94  99 107  96  95 132 125 120 120 122 126 130 132 135 138 133 122 127 132
 140 147 156 162 167 170 173 175 175 175 179 185 187 188 190 191 191 192 193
 193 193 191 188 182 173 172 172 166 157 151 140 129 114  86   0   0   0   0
   0   0   0   0   0   0   0   0   0   0   0   0   0   0   0   0   0   0   0
   0   0   0   0   0   0   0   0   0   0   0   0   0   0   0   0   0   0   0
   0   0   0   0   0   0   0   0   0   0   0   0   0   0   0   0   0   0   0
   0   0   0   0   0   0   0   0   0   0   0   0   0   0   0   0   0   0   0
   0   0   0   0   0   0   0   0   0   0   0   0   0   0   0   0   0   0   0
   0   0   0   0   0   0   0   0   0   0   0   0   0   0   0   0   0   0   0
   0   0  30  30  31  36  37  37  39  42  48  47  58  71  79  81  82  78   0
   0  74  88  99 109 131 120 107 129 120 119 120 123 127 130 131 133 133 129
 126 132 139 146 154 162 169 172 175 178 180 180 181 187 191 192 193 195 198
 198 199 199 199 199 196 193 190 184 181 181 178 167 158 152 142 132 117  86
   0   0   0   0   0   0   0   0   0   0   0   0   0   0   0   0   0   0   0
   0   0   0   0   0   0   0   0   0   0   0   0   0   0   0   0   0   0   0
   0   0   0   0   0   0   0   0   0   0   0   0   0   0   0   0   0   0   0
   0   0   0   0   0   0   0   0   0   0   0   0   0   0   0   0   0   0   0
   0   0   0   0   0   0   0   0   0   0   0   0   0   0   0   0   0   0   0
   0   0   0   0   0   0   0   0   0   0   0   0   0   0   0   0   0   0   0
   0   0   0   0  30  30  39  45  49  51  51  54  55  61  64  62  75  84  86
  89  90  90   0   0  90  97  98  72  84 108 113 114 118 121 125 129 130 130
 131 127 126 132 138 145 153 160 168 173 176 179 183 184 185 189 192 195 196
 198 200 203 204 204 204 204 203 200 197 195 193 192 193 188 180 169 159 152
 142 132 118  78   0   0   0   0   0   0   0   0   0   0   0   0   0   0   0
   0   0   0   0   0   0   0   0   0   0   0   0   0   0   0   0   0   0   0
   0   0   0   0   0   0   0   0   0   0   0   0   0   0   0   0   0   0   0
   0   0   0   0   0   0   0   0   0   0   0   0   0   0   0   0   0   0   0
   0   0   0   0   0   0   0   0   0   0   0   0   0   0   0   0   0   0   0
   0   0   0   0   0   0   0   0   0   0   0   0   0   0   0   0   0   0   0
   0   0   0   0   0   0  30  37  46  53  58  63  64  60  67  73  77  79  80
  85  88  91  94  94  83   0  59  86 100 100  78  73  89 100 109 116 121 126
 130 130 129 126 121 129 136 144 150 157 163 172 176 180 184 189 189 190 193
 196 199 201 202 205 208 208 208 208 208 207 205 201 199 200 201 200 197 190
 181 172 161 152 139 125 113  80   0   0   0   0   0   0   0   0   0   0   0
   0   0   0   0   0   0   0   0   0   0   0   0   0   0   0   0   0   0   0
   0   0   0   0   0   0   0   0   0   0   0   0   0   0   0   0   0   0   0
   0   0   0   0   0   0   0   0   0   0   0   0   0   0   0   0   0   0   0
   0   0   0   0   0   0   0   0   0   0   0   0   0   0   0   0   0   0   0
   0   0   0   0   0   0   0   0   0   0   0   0   0   0   0   0   0   0   0
   0   0   0  30  30  30  30   0  30  38  51  59  63  68  70  67  68  76  80
  81  83  86  89  91  92  96  98  84  51  56  84 107  99  77  57  52  79 102
 114 120 122 125 124 120 116 127 137 142 149 154 160 168 174 179 185 189 192
 193 196 197 198 201 204 207 210 211 212 212 211 211 211 209 206 206 208 209
 206 203 198 193 185 174 160 150 140 129 116  85  45   0   0   0   0   0   0
   0   0   0   0   0   0   0   0   0   0   0   0   0   0   0   0   0   0   0
   0   0   0   0   0   0   0   0   0   0   0   0   0   0   0   0   0   0   0
   0   0   0   0   0   0   0   0   0   0   0   0   0   0   0   0   0   0   0
   0   0   0   0   0   0   0   0   0   0   0   0   0   0   0   0   0   0   0
   0   0   0   0   0   0   0   0   0   0   0   0   0   0   0   0   0   0   0
   0   0   0   0  30  30  30  30  30  30  30  38  50  59  61  67  70  70  72
  78  81  82  84  86  88  90  92  93  96  90  44   0  71 101 104  94  73  44
  46  57  97 110 114 116 115 113 115 125 132 138 144 150 156 163 170 175 180
 189 191 194 197 199 199 201 205 208 210 212 213 214 214 214 214 213 212 211
 211 212 212 211 208 205 200 195 189 173 164 157 143 133 119  94  53   0   0
   0   0   0   0   0   0   0   0   0   0   0   0   0   0   0   0   0   0   0
   0   0   0   0   0   0   0   0   0   0   0   0   0   0   0   0   0   0   0
   0   0   0   0   0   0   0   0   0   0   0   0   0   0   0   0   0   0   0
   0   0   0   0   0   0   0   0   0   0   0   0   0   0   0   0   0   0   0
   0   0   0   0   0   0   0   0   0   0   0   0   0   0   0   0   0   0   0
   0   0   0   0   0   0   0  30  30  30  30  30  30  31  46  54  60  60  67
  71  74  75  74  80  83  86  88  90  90  92  94  96  97  93  86  83  91  99
  87  61   0  37  56  75 103 104 106 114 119 128 130 133 139 145 150 157 164
 170 176 181 188 191 196 200 201 202 204 208 211 212 214 216 217 217 217 216
 216 216 215 216 216 216 215 213 210 206 201 196 186 176 169 160 150 139 124
 104  63   0   0   0   0   0   0   0   0   0   0   0   0   0   0   0   0   0
   0   0   0   0   0   0   0   0   0   0   0   0   0   0   0   0   0   0   0
   0   0   0   0   0   0   0   0   0   0   0   0   0   0   0   0   0   0   0
   0   0   0   0   0   0   0   0   0   0   0   0   0   0   0   0   0   0   0
   0   0   0   0   0   0   0   0   0   0   0   0   0   0   0   0   0   0   0
   0   0   0   0   0   0   0   0   0   0  30  30  30  30  30  30  37  48  57
  60  66  70  73  78  80  78  82  86  88  90  91  91  93  95  97  97  96  74
  74  88  83  65  48   0   0   0  82  98  99 110 116 120 126 129 133 138 144
 151 158 164 171 178 183 189 193 198 200 202 205 207 210 212 214 217 219 219
 219 219 219 219 219 219 220 220 219 218 217 215 212 209 204 199 189 180 173
 164 154 139 127 110  84  62  58  48   0   0   0   0   0   0   0   0   0   0
   0   0   0   0   0   0   0   0   0   0   0   0   0   0   0   0   0   0   0
   0   0   0   0   0   0   0   0   0   0   0   0   0   0   0   0   0   0   0
   0   0   0   0   0   0   0   0   0   0   0   0   0   0   0   0   0   0   0
   0   0   0   0   0   0   0   0   0   0   0   0   0   0   0   0   0   0   0
   0   0   0   0   0   0   0   0   0   0   0   0   0  30  30  30  30  30  37
  49  55  61  60  67  71  74  79  80  80  83  88  90  91  91  93  94  96  97
  98  99  71  58  82  80  69  56   0   0  46  84  96 101 102 101 110 120 125
 130 135 142 150 158 165 172 179 185 190 195 200 201 204 207 210 212 214 216
 219 220 220 220 220 220 220 220 220 220 220 220 220 220 219 216 213 211 208
 201 193 187 178 168 152 128 117 115 109  98  89  65   0   0   0   0   0   0
   0   0   0   0   0   0   0   0   0   0   0   0   0   0   0   0   0   0   0
   0   0   0   0   0   0   0   0   0   0   0   0   0   0   0   0   0   0   0
   0   0   0   0   0   0   0   0   0   0   0   0   0   0   0   0   0   0   0
   0   0   0   0   0   0   0   0   0   0   0   0   0   0   0   0   0   0   0
   0   0   0   0   0   0   0   0   0   0   0   0   0   0   0   0   0   0  30
  34  38  40  48  59  67  63  68  71  75  78  80  81  85  89  90  91  92  94
  95  97  98 100 100  96  81  90  91  82  64   0   0  30  71  96  95  97 108
 110 113 121 125 131 139 147 156 165 173 180 186 192 197 201 203 206 209 211
 213 216 218 220 220 221 222 221 221 223 225 227 226 224 223 221 220 220 220
 217 215 212 208 202 197 190 178 165 159 156 153 148 142 134 118  87  58   0
   0   0   0   0   0   0   0   0   0   0   0   0   0   0   0   0   0   0   0
   0   0   0   0   0   0   0   0   0   0   0   0   0   0   0   0   0   0   0
   0   0   0   0   0   0   0   0   0   0   0   0   0   0   0   0   0   0   0
   0   0   0   0   0   0   0   0   0   0   0   0   0   0   0   0   0   0   0
   0   0   0   0   0   0   0   0   0   0   0   0   0   0   0   0   0   0   0
   0   0  30  38  40  44  51  59  64  73  76  72  76  79  81  85  88  90  91
  92  93  94  97  98  99  93  87  96  91  97  97  95  76   0   0  39  79  90
  99 100 110 110 112 116 120 127 136 146 157 167 175 183 188 194 199 202 204
 207 210 212 215 217 220 220 221 224 227 227 226 228 230 230 230 230 228 225
 222 220 220 220 218 216 213 209 206 201 194 187 180 176 175 173 171 165 156
 137 113  83  54   0   0   0   0   0   0   0   0   0   0   0   0   0   0   0
   0   0   0   0   0   0   0   0   0   0   0   0   0   0   0   0   0   0   0
   0   0   0   0   0   0   0   0   0   0   0   0   0   0   0   0   0   0   0
   0   0   0   0   0   0   0   0   0   0   0   0   0   0   0   0   0   0   0
   0   0   0   0   0   0   0   0   0   0   0   0   0   0   0   0   0   0   0
   0   0   0   0   0  30  32  40  41  50  60  62  69  72  73  78  80  83  87
  89  90  91  92  92  95  98 100 100  90  76  92  98 100 101 101  96  78  61
  40  69  76 100 105 110  99  73 107 111 120 134 145 157 168 178 186 191 196
 200 203 206 209 211 214 216 219 220 220 222 227 230 230 230 230 230 231 230
 230 230 229 227 225 222 220 220 219 217 214 212 209 205 201 196 191 188 186
 185 182 177 172 156 137 118  93  60  33   0   0   0   0   0   0   0   0   0
   0   0   0   0   0   0   0   0   0   0   0   0   0   0   0   0   0   0   0
   0   0   0   0   0   0   0   0   0   0   0   0   0   0   0   0   0   0   0
   0   0   0   0   0   0   0   0   0   0   0   0   0   0   0   0   0   0   0
   0   0   0   0   0   0   0   0   0   0   0   0   0   0   0   0   0   0   0
   0   0   0   0   0   0   0   0   0  30  35  41  51  58  60  68  70  70  78
  81  83  86  89  90  91  90  86  94  98 100 100  97  88  97 101 103 104 105
 104 100  92  75  68  61 112 113 102  66  71 108 111 119 133 147 160 170 180
 188 193 198 201 204 207 210 212 215 217 220 220 220 224 229 230 230 230 231
 233 234 234 232 230 230 230 230 229 223 220 220 220 219 217 214 212 209 205
 203 201 199 197 193 188 185 181 172 160 145 128 103  68  51   0   0   0   0
   0   0   0   0   0   0   0   0   0   0   0   0   0   0   0   0   0   0   0
   0   0   0   0   0   0   0   0   0   0   0   0   0   0   0   0   0   0   0
   0   0   0   0   0   0   0   0   0   0   0   0   0   0   0   0   0   0   0
   0   0   0   0   0   0   0   0   0   0   0   0   0   0   0   0   0   0   0
   0   0   0   0   0   0   0   0   0   0   0   0   0  30  30  45  55  60  67
  70  71  78  81  82  84  89  90  91  91  88  94  98 100 100  96  96  99 105
 107 108 108 108 107 103 100 100 106 114 108  83  65  81 116 120 128 138 151
 163 173 182 189 194 199 202 205 209 211 213 216 219 220 220 221 225 229 230
 231 232 234 237 239 239 238 233 231 230 230 230 229 222 220 220 220 220 219
 217 215 213 211 209 206 205 201 198 196 193 188 182 174 165 151 137 120 105
  85  67  49   0   0   0   0   0   0   0   0   0   0   0   0   0   0   0   0
   0   0   0   0   0   0   0   0   0   0   0   0   0   0   0   0   0   0   0
   0   0   0   0   0   0   0   0   0   0   0   0   0   0   0   0   0   0   0
   0   0   0   0   0   0   0   0   0   0   0   0   0   0   0   0   0   0   0
   0   0   0   0   0   0   0   0   0   0   0   0   0   0   0   0  30  30  30
  46  59  67  70  72  78  80  80  82  88  90  90  91  92  95  99 100 100 100
 100 104 109 110 110 110 110 110 105 102 105 112  92  98  71  74  98 120 131
 138 146 155 166 175 184 190 195 200 203 206 210 212 214 217 220 220 220 222
 226 229 230 233 235 238 240 240 240 240 237 236 234 232 230 230 228 223 220
 220 220 220 220 219 218 217 214 212 211 209 205 204 201 197 194 189 183 179
 173 163 149 140 131 117  85  55   0   0   0   0   0   0   0   0   0   0   0
   0   0   0   0   0   0   0   0   0   0   0   0   0   0   0   0   0   0   0
   0   0   0   0   0   0   0   0   0   0   0   0   0   0   0   0   0   0   0
   0   0   0   0   0   0   0   0   0   0   0   0   0   0   0   0   0   0   0
   0   0   0   0   0   0   0   0   0   0   0   0   0   0   0   0   0   0   0
   0   0  30  45  56  64  67  73  79  80  80  82  87  90  89  90  91  95  99
 100 100 100 100 102 106 109 109 109 108 107 104 102 106 101  99  94  68  92
 111 127 138 146 153 161 169 177 185 191 196 200 203 207 210 212 215 218 220
 220 220 222 226 230 231 236 238 240 240 240 240 240 240 240 239 236 232 230
 230 230 228 224 221 220 220 220 220 220 219 218 217 215 211 210 208 205 200
 198 196 195 192 185 176 168 160 150 140 127 101  80  39   0   0   0   0   0
   0   0   0   0   0   0   0   0   0   0   0   0   0   0   0   0   0   0   0
   0   0   0   0   0   0   0   0   0   0   0   0   0   0   0   0   0   0   0
   0   0   0   0   0   0   0   0   0   0   0   0   0   0   0   0   0   0   0
   0   0   0   0   0   0   0   0   0   0   0   0   0   0   0   0   0   0   0
   0   0   0   0   0  30  43  55  60  65  72  77  78  79  80  87  90  90  90
  90  93  96  95  98 100 100 101 104 105 105 106 106 105 102 102 103 102 100
  97   0  96 118 132 143 152 159 165 173 180 187 192 197 200 204 208 211 213
 215 219 220 220 220 223 227 230 234 239 240 240 240 240 240 240 240 240 240
 239 236 232 230 230 230 230 228 223 220 220 220 220 220 220 220 220 219 216
 214 211 207 205 204 203 201 198 190 185 180 173 163 153 145 132 114  97  76
  55   0   0   0   0   0   0   0   0   0   0   0   0   0   0   0   0   0   0
   0   0   0   0   0   0   0   0   0   0   0   0   0   0   0   0   0   0   0
   0   0   0   0   0   0   0   0   0   0   0   0   0   0   0   0   0   0   0
   0   0   0   0   0   0   0   0   0   0   0   0   0   0   0   0   0   0   0
   0   0   0   0   0   0   0   0   0  37  47  52  66  70  72  72  74  79  81
  84  86  89  90  91  92  91  88  95  98 101 102 102 101 103 103 103 101 101
 102 101 100  89   0  95 121 135 146 155 163 170 177 183 190 194 198 201 204
 208 211 213 216 219 220 220 220 223 228 230 235 240 240 240 240 240 240 240
 240 240 240 240 239 235 232 230 230 230 230 229 223 220 220 220 220 220 220
 220 220 220 218 216 214 212 211 210 207 204 200 196 193 188 181 173 165 150
 145 141 137 127  94  70  55   0   0   0   0   0   0   0   0   0   0   0   0
   0   0   0   0   0   0   0   0   0   0   0   0   0   0   0   0   0   0   0
   0   0   0   0   0   0   0   0   0   0   0   0   0   0   0   0   0   0   0
   0   0   0   0   0   0   0   0   0   0   0   0   0   0   0   0   0   0   0
   0   0   0   0   0   0   0   0   0   0   0   0  30  30   0  55  64  64  67
  70  74  78  80  82  86  87  89  88  88  89  91  93  98 100 100 100 101 102
 102 101 101 101 100  97  70   0  90 120 136 146 156 164 172 179 186 191 195
 199 201 204 208 211 213 216 219 220 220 220 223 228 230 232 238 240 240 240
 240 240 240 240 240 240 240 240 238 234 231 230 230 230 230 228 222 220 220
 220 220 220 220 220 220 220 220 219 217 216 214 212 209 207 204 201 197 192
 188 180 169 164 156 153 149 143 134 116  92  67   0   0   0   0   0   0   0
   0   0   0   0   0   0   0   0   0   0   0   0   0   0   0   0   0   0   0
   0   0   0   0   0   0   0   0   0   0   0   0   0   0   0   0   0   0   0
   0   0   0   0   0   0   0   0   0   0   0   0   0   0   0   0   0   0   0
   0   0   0   0   0   0   0   0   0   0   0   0   0   0   0   0   0   0  42
  53  57  55  63  72  73  75  78  80  81  83  76  69  75  83  87  92  94  97
  98  99 100 101 100 100 100  97  88   0   0  82 119 136 148 157 165 174 182
 188 193 196 200 202 205 209 211 213 216 219 220 220 220 222 227 230 231 235
 239 240 240 240 240 240 240 240 240 240 240 240 237 232 230 230 230 230 230
 226 221 220 220 220 220 220 220 220 220 220 220 220 220 218 215 213 211 210
 208 205 202 199 194 187 181 173 165 161 156 151 145 138 124  87  74   0   0
   0   0   0   0   0   0   0   0   0   0   0   0   0   0   0   0   0   0   0
   0   0   0   0   0   0   0   0   0   0   0   0   0   0   0   0   0   0   0
   0   0   0   0   0   0   0   0   0   0   0   0   0   0   0   0   0   0   0
   0   0   0   0   0   0   0   0   0   0   0   0   0   0   0   0   0   0   0
   0   0  30  32  41  44  61  59  62  69  73  75  76  77  53   0  44  53  58
  64  76  87  91  94  96  96  96  96  94  90  63   0   0  75 116 134 147 157
 167 176 184 190 194 197 201 203 206 209 211 213 215 218 220 220 220 221 225
 229 230 232 239 240 240 240 240 240 240 240 240 240 240 240 239 235 231 230
 230 230 230 229 224 221 220 220 220 220 220 220 220 220 220 220 220 220 218
 216 215 213 212 211 210 207 203 198 194 189 181 173 164 158 150 148 143 136
 128 109  80  62   0   0   0   0   0   0   0   0   0   0   0   0   0   0   0
   0   0   0   0   0   0   0   0   0   0   0   0   0   0   0   0   0   0   0
   0   0   0   0   0   0   0   0   0   0   0   0   0   0   0   0   0   0   0
   0   0   0   0   0   0   0   0   0   0   0   0   0   0   0   0   0   0   0
   0   0   0   0   0   0   0  30  36  57  48  54  56  59  69  63  42   0   0
   0   0   0   0  30  41  67  83  88  89  87  86  84  69   0   0   0  67 108
 128 143 156 167 177 185 191 195 199 201 203 206 209 211 213 215 217 220 220
 220 220 222 226 230 230 236 240 240 240 240 240 240 240 240 240 240 240 240
 237 233 230 230 230 230 230 227 223 221 220 220 220 220 220 220 220 220 220
 220 220 220 219 217 216 215 214 213 212 210 207 204 201 197 192 180 166 154
 145 141 140 139 131 129 119  85  60   0   0   0   0   0   0   0   0   0   0
   0   0   0   0   0   0   0   0   0   0   0   0   0   0   0   0   0   0   0
   0   0   0   0   0   0   0   0   0   0   0   0   0   0   0   0   0   0   0
   0   0   0   0   0   0   0   0   0   0   0   0   0   0   0   0   0   0   0
   0   0   0   0   0   0   0   0   0   0  30  30  49  45  43  41  40  40   0
   0   0   0   0   0   0   0   0   0  30  42  56  62  60  58  52   0   0   0
   0  47  92 119 138 153 166 176 184 190 195 200 201 203 206 209 211 212 214
 216 218 219 220 219 220 222 226 230 232 239 240 240 240 240 240 240 240 240
 240 240 240 238 235 232 230 230 230 230 229 225 222 220 220 220 220 220 220
 220 220 220 220 220 220 220 220 219 218 217 216 215 214 213 211 209 208 204
 196 186 171 152 140 134 131 121 119 120 119 115  94  69   0   0   0   0   0
   0   0   0   0   0   0   0   0   0   0   0   0   0   0   0   0   0   0   0
   0   0   0   0   0   0   0   0   0   0   0   0   0   0   0   0   0   0   0
   0   0   0   0   0   0   0   0   0   0   0   0   0   0   0   0   0   0   0
   0   0   0   0   0   0   0   0   0   0   0   0   0  30  30  47  40  30  30
   0   0   0   0   0   0   0   0   0   0   0   0   0   0   0   0   0   0   0
   0   0   0   0   0  70 105 126 146 160 173 182 189 195 200 201 203 205 208
 210 212 213 214 215 217 217 211 220 220 222 227 230 233 238 240 240 240 240
 240 240 240 240 240 240 239 236 233 231 230 230 230 230 227 223 221 220 220
 220 220 220 220 220 220 220 220 220 220 220 220 220 220 219 218 218 217 216
 215 214 212 208 204 195 179 159 137 126 122 129 136 133 129 125 123 111  78
  39   0   0   0   0   0   0   0   0   0   0   0   0   0   0   0   0   0   0
   0   0   0   0   0   0   0   0   0   0   0   0   0   0   0   0   0   0   0
   0   0   0   0   0   0   0   0   0   0   0   0   0   0   0   0   0   0   0
   0   0   0   0   0   0   0   0   0   0   0   0   0   0   0   0  30  30  34
  30   0   0   0   0   0   0   0   0   0   0   0   0   0   0   0   0   0   0
   0   0   0   0   0   0   0   0  41  82 114 134 149 164 177 187 193 198 201
 203 205 207 210 211 212 212 213 214 212 204 218 220 220 221 227 230 232 236
 240 240 240 240 240 240 240 240 240 239 238 235 232 230 230 230 230 228 224
 221 220 220 220 220 220 220 220 220 220 220 220 220 220 220 220 220 220 220
 220 220 220 220 219 218 216 213 207 200 192 174 149 147 157 159 153 145 137
 130 125 122 100  63   0   0   0   0   0   0   0   0   0   0   0   0   0   0
   0   0   0   0   0   0   0   0   0   0   0   0   0   0   0   0   0   0   0
   0   0   0   0   0   0   0   0   0   0   0   0   0   0   0   0   0   0   0
   0   0   0   0   0   0   0   0   0   0   0   0   0   0   0   0   0   0   0
  30  30  30  35   0   0   0   0   0   0   0   0   0   0   0   0   0   0   0
   0   0   0   0   0   0   0   0   0   0   0   0  44  94 115 135 151 167 179
 188 194 199 202 204 206 209 210 211 211 211 212 207 198 203 214 219 220 222
 228 230 231 235 239 240 240 240 240 240 240 240 240 240 236 232 230 230 230
 230 227 223 220 220 220 220 220 220 220 220 220 220 220 220 220 220 220 220
 220 220 220 220 220 220 220 220 220 220 219 217 214 212 207 202 199 193 185
 173 164 152 138 128 123 114  96  76  51   0   0   0   0   0   0   0   0   0
   0   0   0   0   0   0   0   0   0   0   0   0   0   0   0   0   0   0   0
   0   0   0   0   0   0   0   0   0   0   0   0   0   0   0   0   0   0   0
   0   0   0   0   0   0   0   0   0   0   0   0   0   0   0   0   0   0   0
   0   0   0   0  30  30  31   0   0   0   0   0   0   0   0   0   0   0   0
   0   0   0   0   0   0   0   0   0   0   0   0   0   0   0   0  62  92 115
 136 153 169 178 188 196 201 202 205 207 209 210 210 210 210 207 192 196 204
 214 219 220 223 229 230 230 234 239 240 240 240 240 240 240 240 239 234 231
 230 230 230 229 225 221 220 220 220 220 220 220 220 220 220 220 220 220 220
 220 220 220 220 220 220 220 220 220 220 220 220 220 220 220 220 220 219 218
 217 215 208 197 185 171 159 141 130 113  96  85  80  63   0   0   0   0   0
   0   0   0   0   0   0   0   0   0   0   0   0   0   0   0   0   0   0   0
   0   0   0   0   0   0   0   0   0   0   0   0   0   0   0   0   0   0   0
   0   0   0   0   0   0   0   0   0   0   0   0   0   0   0   0   0   0   0
   0   0   0   0   0   0   0   0  30  34   0   0   0   0   0   0   0   0   0
   0   0   0   0   0   0   0   0   0   0   0   0   0   0   0   0   0   0   0
   0  52  85 113 133 151 163 175 188 197 201 202 204 206 209 210 209 209 207
 191 187 197 205 214 218 220 221 227 230 230 234 238 240 240 240 240 239 237
 235 231 230 230 230 229 225 222 220 220 220 220 220 220 220 220 220 220 220
 220 220 220 220 220 220 220 220 220 220 220 220 220 220 220 220 220 220 220
 220 220 223 227 226 224 222 215 203 190 174 157 137 115  96  83  80  69   0
   0   0   0   0   0   0   0   0   0   0   0   0   0   0   0   0   0   0   0
   0   0   0   0   0   0   0   0   0   0   0   0   0   0   0   0   0   0   0
   0   0   0   0   0   0   0   0   0   0   0   0   0   0   0   0   0   0   0
   0   0   0   0   0   0   0   0   0   0   0   0   0   0   0   0   0   0   0
   0   0   0   0   0   0   0   0   0   0   0   0   0   0   0   0   0   0   0
   0   0   0   0   0  49  71 101 127 142 153 171 188 196 200 201 203 205 206
 206 205 201 184 182 187 193 202 213 218 220 221 228 230 230 232 235 237 237
 236 234 232 231 230 230 229 227 223 221 220 220 220 220 220 220 220 220 220
 220 220 220 220 220 220 220 220 220 220 220 220 220 220 220 220 220 220 220
 220 220 220 220 221 222 227 230 230 229 229 229 226 217 200 178 155 130  99
  85  82   0   0   0   0   0   0   0   0   0   0   0   0   0   0   0   0   0
   0   0   0   0   0   0   0   0   0   0   0   0   0   0   0   0   0   0   0
   0   0   0   0   0   0   0   0   0   0   0   0   0   0   0   0   0   0   0
   0   0   0   0   0   0   0   0   0   0   0   0   0   0   0   0   0   0   0
   0   0   0   0   0   0   0   0   0   0   0   0   0   0   0   0   0   0   0
   0   0   0   0   0   0   0   0   0   0  58  85 108 126 148 168 184 193 196
 199 201 202 202 201 193 179 173 180 185 192 205 213 217 220 221 227 230 230
 230 231 232 231 230 230 230 230 230 227 222 220 220 220 220 220 220 220 220
 220 220 220 220 220 220 220 220 220 220 220 219 218 217 216 217 218 220 220
 220 220 220 220 220 221 221 220 218 212 217 222 222 216 218 222 224 220 222
 202 172 146 114  95  74   0   0  41  51   0   0   0   0   0   0   0   0   0
   0   0   0   0   0   0   0   0   0   0   0   0   0   0   0   0   0   0   0
   0   0   0   0   0   0   0   0   0   0   0   0   0   0   0   0   0   0   0
   0   0   0   0   0   0   0   0   0   0   0   0   0   0   0   0   0   0   0
   0   0   0   0   0   0   0   0   0   0   0   0   0   0   0   0   0   0   0
   0   0   0   0   0   0   0   0   0   0   0   0   0   0   0  58  73 109 143
 164 180 188 192 194 195 193 182 176 172 169 175 180 185 200 207 212 217 220
 221 227 230 230 230 230 230 230 230 230 230 229 224 221 220 220 220 220 220
 220 220 220 220 220 220 220 220 219 218 218 218 218 217 216 215 213 212 212
 214 217 220 220 220 220 220 220 221 222 224 222 206 201 194 193 191 190 187
 193 208 226 229 211 191 168 139  99  90  80  91 107  82  40   0   0   0   0
   0   0   0   0   0   0   0   0   0   0   0   0   0   0   0   0   0   0   0
   0   0   0   0   0   0   0   0   0   0   0   0   0   0   0   0   0   0   0
   0   0   0   0   0   0   0   0   0   0   0   0   0   0   0   0   0   0   0
   0   0   0   0   0   0   0   0   0   0   0   0   0   0   0   0   0   0   0
   0   0   0   0   0   0   0   0   0   0   0   0   0   0   0   0   0   0   0
   0  55  86 126 156 173 177 182 182 173 166 163 161 164 170 176 182 193 200
 207 212 218 220 222 229 230 230 230 230 230 230 230 230 227 222 220 220 220
 220 220 220 220 220 220 220 220 220 219 218 216 216 215 215 215 214 213 211
 210 210 210 210 212 216 219 220 220 220 220 220 222 227 228 225 226 214 211
 215 216 200 189 179 180 202 223 214 207 186 164 150 144 136 140 131 111  53
   0   0   0   0   0   0   0   0   0   0   0   0   0   0   0   0   0   0   0
   0   0   0   0   0   0   0   0   0   0   0   0   0   0   0   0   0   0   0
   0   0   0   0   0   0   0   0   0   0   0   0   0   0   0   0   0   0   0
   0   0   0   0   0   0   0   0   0   0   0   0   0   0   0   0   0   0   0
   0   0   0   0   0   0   0   0   0   0   0   0   0   0   0   0   0   0   0
   0   0   0   0   0   0  56 101 143 161 170 167 153 148 147 142 143 156 167
 177 184 192 201 208 214 219 220 223 229 230 230 230 229 228 229 228 223 220
 220 220 220 220 220 220 220 220 220 220 220 219 217 215 214 213 213 212 212
 212 211 210 210 210 210 210 210 210 212 216 219 220 220 220 221 224 227 229
 228 219 216 216 217 209 205 177 179 186 222 228 220 211 191 178 168 166 164
 160 149 123  95  52   0   0   0   0   0   0   0   0   0   0   0   0   0   0
   0   0   0   0   0   0   0   0   0   0   0   0   0   0   0   0   0   0   0
   0   0   0   0   0   0   0   0   0   0   0   0   0   0   0   0   0   0   0
   0   0   0   0   0   0   0   0   0   0   0   0   0   0   0   0   0   0   0
   0   0   0   0   0   0   0   0   0   0   0   0   0   0   0   0   0   0   0
   0   0   0   0   0   0   0   0   0   0  44  79 118 144 152 138 127 129 123
 120 126 131 139 164 181 193 202 210 216 220 220 222 225 225 227 225 221 222
 221 220 220 220 220 220 220 220 220 220 220 220 220 220 218 215 213 211 211
 210 210 210 210 210 210 210 210 210 210 210 210 210 210 212 215 218 219 219
 220 219 217 212 210 206 197 192 195 180 188 169 182 224 230 230 223 205 194
 190 187 181 177 176 168 150 125  76   0   0   0   0   0   0   0   0   0   0
   0   0   0   0   0   0   0   0   0   0   0   0   0   0   0   0   0   0   0
   0   0   0   0   0   0   0   0   0   0   0   0   0   0   0   0   0   0   0
   0   0   0   0   0   0   0   0   0   0   0   0   0   0   0   0   0   0   0
   0   0   0   0   0   0   0   0   0   0   0   0   0   0   0   0   0   0   0
   0   0   0   0   0   0   0   0   0   0   0   0   0   0   0  56  83 112 110
 107 108 102  92  79  69  65 103 162 183 196 205 212 217 220 220 220 220 221
 221 220 220 220 220 220 220 220 220 220 220 220 220 220 220 220 219 216 213
 211 210 210 210 210 210 210 210 210 209 208 208 208 209 209 209 209 209 210
 211 211 211 212 214 212 201 206 208 201 181 175 194 198 189 197 223 230 231
 232 229 220 214 208 193 180 179 180 177 172 162 143 107  54   0   0   0   0
   0   0   0   0   0   0   0   0   0   0   0   0   0   0   0   0   0   0   0
   0   0   0   0   0   0   0   0   0   0   0   0   0   0   0   0   0   0   0
   0   0   0   0   0   0   0   0   0   0   0   0   0   0   0   0   0   0   0
   0   0   0   0   0   0   0   0   0   0   0   0   0   0   0   0   0   0   0
   0   0   0   0   0   0   0   0   0   0   0   0   0   0   0   0   0   0   0
   0  39  46  65  73  52  30   0   0   0  59 138 171 188 199 208 213 217 220
 220 220 220 220 220 220 220 220 220 220 220 220 220 220 220 220 220 219 218
 216 213 211 210 210 210 210 210 210 210 210 210 208 206 206 206 206 206 206
 207 207 207 207 208 207 205 206 205 200 200 190 183 170 182 184 168 188 208
 219 227 231 233 233 232 229 227 223 207 187 174 173 168 168 170 164 144 100
  58   0   0   0   0   0   0   0   0   0   0   0   0   0   0   0   0   0   0
   0   0   0   0   0   0   0   0   0   0   0   0   0   0   0   0   0   0   0
   0   0   0   0   0   0   0   0   0   0   0   0   0   0   0   0   0   0   0
   0   0   0   0   0   0   0   0   0   0   0   0   0   0   0   0   0   0   0
   0   0   0   0   0   0   0   0   0   0   0   0   0   0   0   0   0   0   0
   0   0   0   0   0   0   0   0   0   0   0   0   0  64 129 160 179 192 202
 208 213 217 219 220 220 220 220 220 220 220 220 220 220 220 220 220 219 218
 218 216 215 212 211 210 210 210 210 210 210 210 210 210 208 206 204 203 203
 203 203 204 204 204 205 205 205 205 203 201 197 193 184 177 184 180 181 174
 166 205 215 220 224 232 236 236 237 237 240 247 255 260 251 234 202 192 183
 176 173 166 145  98  52   0   0   0   0   0   0   0   0   0   0   0   0   0
   0   0   0   0   0   0   0   0   0   0   0   0   0   0   0   0   0   0   0
   0   0   0   0   0   0   0   0   0   0   0   0   0   0   0   0   0   0   0
   0   0   0   0   0   0   0   0   0   0   0   0   0   0   0   0   0   0   0
   0   0   0   0   0   0   0   0   0   0   0   0   0   0   0   0   0   0   0
   0   0   0   0   0   0   0   0   0   0   0   0   0   0   0   0  69 127 154
 172 185 196 203 210 213 213 217 220 220 220 220 220 220 220 220 220 220 219
 218 217 216 215 214 212 210 210 210 210 210 210 210 210 209 209 208 206 204
 202 200 200 200 201 201 202 202 202 202 203 205 203 195 198 196 179 187 179
 174 154 150 172 211 223 231 238 241 243 246 250 255 263 270 280 293 304 310
 311 313 300 259 237 200 178 162 143  90   0   0   0   0   0   0   0   0   0
   0   0   0   0   0   0   0   0   0   0   0   0   0   0   0   0   0   0   0
   0   0   0   0   0   0   0   0   0   0   0   0   0   0   0   0   0   0   0
   0   0   0   0   0   0   0   0   0   0   0   0   0   0   0   0   0   0   0
   0   0   0   0   0   0   0   0   0   0   0   0   0   0   0   0   0   0   0
   0   0   0   0   0   0   0   0   0   0   0   0   0   0   0   0   0   0   0
  55 121 147 165 178 190 197 204 209 210 211 216 220 220 220 220 220 219 218
 218 217 216 215 214 213 212 211 210 210 210 210 210 209 209 209 208 207 206
 205 203 201 200 200 200 200 200 200 200 200 200 200 202 207 207 203 193 182
 184 184 170 155 146 161 192 225 246 256 261 264 267 272 277 283 289 295 302
 314 323 330 335 340 345 344 339 323 283 228 183 164 128  56   0   0   0   0
   0   0   0   0   0   0   0   0   0   0   0   0   0   0   0   0   0   0   0
   0   0   0   0   0   0   0   0   0   0   0   0   0   0   0   0   0   0   0
   0   0   0   0   0   0   0   0   0   0   0   0   0   0   0   0   0   0   0
   0   0   0   0   0   0   0   0   0   0   0   0   0   0   0   0   0   0   0
   0   0   0   0   0   0   0   0   0   0   0   0   0   0   0   0   0   0   0
   0   0   0  48 115 142 159 171 183 191 199 205 209 210 211 214 216 218 218
 218 216 215 214 214 213 212 211 210 210 210 210 210 210 210 209 208 207 206
 205 204 203 202 200 200 200 200 200 200 200 200 200 200 200 201 203 207 209
 202 193 189 188 179 161 147 167 192 218 242 264 276 281 283 289 294 299 308
 315 324 329 337 344 346 349 353 355 359 363 363 357 335 292 232 179 151 106
   0   0   0   0   0   0   0   0   0   0   0   0   0   0   0   0   0   0   0
   0   0   0   0   0   0   0   0   0   0   0   0   0   0   0   0   0   0   0
   0   0   0   0   0   0   0   0   0   0   0   0   0   0   0   0   0   0   0
   0   0   0   0   0   0   0   0   0   0   0   0   0   0   0   0   0   0   0
   0   0   0   0   0   0   0   0   0   0   0   0   0   0   0   0   0   0   0
   0   0   0   0   0   0   0  96 130 150 163 175 183 192 200 205 209 210 210
 210 212 212 212 212 211 211 211 211 210 210 210 210 210 210 210 210 208 207
 205 204 203 203 201 200 200 200 200 200 200 200 200 200 200 200 200 200 201
 202 205 205 203 196 193 183 165 154 151 184 214 233 260 282 296 300 306 310
 315 323 331 339 345 351 359 362 361 363 365 366 369 373 374 375 373 361 330
 273 207 175 106  41   0   0   0   0   0   0   0   0   0   0   0   0   0   0
   0   0   0   0   0   0   0   0   0   0   0   0   0   0   0   0   0   0   0
   0   0   0   0   0   0   0   0   0   0   0   0   0   0   0   0   0   0   0
   0   0   0   0   0   0   0   0   0   0   0   0   0   0   0   0   0   0   0
   0   0   0   0   0   0   0   0   0   0   0   0   0   0   0   0   0   0   0
   0   0   0   0   0   0   0   0   0   0  67 104 126 144 158 168 179 188 200
 205 209 210 210 210 210 210 210 210 210 210 210 210 210 210 210 210 210 209
 208 206 205 203 201 201 200 200 200 200 200 200 200 200 200 200 200 200 200
 200 200 201 201 202 201 198 195 189 176 152 157 171 210 237 262 287 304 314
 317 326 331 339 348 357 365 370 374 376 379 381 380 379 380 384 383 383 385
 385 384 373 343 303 246 189 147  77   0   0   0   0   0   0   0   0   0   0
   0   0   0   0   0   0   0   0   0   0   0   0   0   0   0   0   0   0   0
   0   0   0   0   0   0   0   0   0   0   0   0   0   0   0   0   0   0   0
   0   0   0   0   0   0   0   0   0   0   0   0   0   0   0   0   0   0   0
   0   0   0   0   0   0   0   0   0   0   0   0   0   0   0   0   0   0   0
   0   0   0   0   0   0   0   0   0   0   0   0   0   0  58  88 111 131 146
 156 168 186 198 205 208 209 210 210 210 210 210 210 210 210 210 210 209 209
 208 207 206 205 204 202 201 200 200 200 200 200 200 200 199 198 198 199 199
 198 198 198 198 199 200 200 199 197 191 192 188 176 150 161 192 221 252 286
 318 329 333 336 342 348 357 365 376 383 391 396 398 400 398 399 402 405 406
 401 398 399 396 393 388 374 346 314 261 210 179 102  30   0   0   0   0   0
   0   0   0   0   0   0   0   0   0   0   0   0   0   0   0   0   0   0   0
   0   0   0   0   0   0   0   0   0   0   0   0   0   0   0   0   0   0   0
   0   0   0   0   0   0   0   0   0   0   0   0   0   0   0   0   0   0   0
   0   0   0   0   0   0   0   0   0   0   0   0   0   0   0   0   0   0   0
   0   0   0   0   0   0   0   0   0   0   0   0   0   0   0   0   0   0  47
  82 101 120 139 154 174 187 198 203 206 208 209 210 209 210 210 210 209 209
 208 206 206 204 203 203 202 201 200 200 200 200 200 200 200 200 199 197 196
 195 195 196 196 196 196 195 195 195 194 192 187 182 189 191 183 148 155 191
 223 258 302 334 344 348 352 355 362 369 377 390 403 412 420 423 424 419 417
 424 435 437 428 424 418 418 413 403 391 379 351 317 271 219 185 126  59   0
   0   0   0   0   0   0   0   0   0   0   0   0   0   0   0   0   0   0   0
   0   0   0   0   0   0   0   0   0   0   0   0   0   0   0   0   0   0   0
   0   0   0   0   0   0   0   0   0   0   0   0   0   0   0   0   0   0   0
   0   0   0   0   0   0   0   0   0   0   0   0   0   0   0   0   0   0   0
   0   0   0   0   0   0   0   0   0   0   0   0   0   0   0   0   0   0   0
   0   0   0  33  57  90 112 136 156 172 186 196 201 204 205 206 206 207 208
 207 205 205 204 203 202 201 200 200 200 200 200 200 200 200 200 200 199 198
 195 194 193 191 192 193 193 194 193 193 191 190 188 183 177 183 187 190 188
 161 140 175 215 258 309 340 353 363 375 384 394 401 402 412 429 439 437 442
 441 435 434 439 456 460 455 452 451 439 432 417 402 395 387 351 309 249 214
 197 130  68   0   0   0   0   0   0   0   0   0   0   0   0   0   0   0   0
   0   0   0   0   0   0   0   0   0   0   0   0   0   0   0   0   0   0   0
   0   0   0   0   0   0   0   0   0   0   0   0   0   0   0   0   0   0   0
   0   0   0   0   0   0   0   0   0   0   0   0   0   0   0   0   0   0   0
   0   0   0   0   0   0   0   0   0   0   0   0   0   0   0   0   0   0   0
   0   0   0   0   0   0   0   0  52  86 105 132 153 168 180 192 199 201 202
 203 204 204 204 201 201 201 200 200 200 200 200 200 200 200 200 200 200 195
 195 195 193 191 191 190 189 190 191 191 191 191 190 187 183 181 180 178 183
 183 186 190 169 147 168 202 244 298 338 359 376 399 426 450 466 469 459 455
 461 446 444 443 442 445 454 465 469 467 466 463 452 437 422 409 407 405 398
 360 282 218 180 176 120  45   0   0   0   0   0   0   0   0   0   0   0   0
   0   0   0   0   0   0   0   0   0   0   0   0   0   0   0   0   0   0   0
   0   0   0   0   0   0   0   0   0   0   0   0   0   0   0   0   0   0   0
   0   0   0   0   0   0   0   0   0   0   0   0   0   0   0   0   0   0   0
   0   0   0   0   0   0   0   0   0   0   0   0   0   0   0   0   0   0   0
   0   0   0   0   0   0   0   0   0   0   0   0  51  80 101 129 148 164 179
 190 195 198 199 200 201 201 200 200 200 200 200 200 200 200 200 200 200 199
 197 192 190 190 190 189 188 189 188 186 187 189 188 189 188 186 183 180 179
 176 170 177 179 180 181 174 154 151 182 214 268 321 358 385 414 443 470 500
 532 544 537 531 505 459 451 454 459 461 468 478 476 478 473 457 435 417 416
 418 416 417 413 376 294 213 185 179  97  41   0   0   0   0   0   0   0   0
   0   0   0   0   0   0   0   0   0   0   0   0   0   0   0   0   0   0   0
   0   0   0   0   0   0   0   0   0   0   0   0   0   0   0   0   0   0   0
   0   0   0   0   0   0   0   0   0   0   0   0   0   0   0   0   0   0   0
   0   0   0   0   0   0   0   0   0   0   0   0   0   0   0   0   0   0   0
   0   0   0   0   0   0   0   0   0   0   0   0   0   0   0   0  40  71  96
 126 150 166 180 187 189 188 189 194 198 200 200 200 200 200 199 200 199 199
 199 196 195 191 188 184 187 188 184 183 183 184 182 183 185 185 183 182 180
 179 177 174 171 169 170 170 172 173 160 161 137 153 185 218 266 318 362 402
 442 474 498 524 556 576 596 613 604 570 553 538 504 486 475 486 494 483 465
 437 413 413 421 429 434 430 423 385 315 254 197 155 103  49   0   0   0   0
   0   0   0   0   0   0   0   0   0   0   0   0   0   0   0   0   0   0   0
   0   0   0   0   0   0   0   0   0   0   0   0   0   0   0   0   0   0   0
   0   0   0   0   0   0   0   0   0   0   0   0   0   0   0   0   0   0   0
   0   0   0   0   0   0   0   0   0   0   0   0   0   0   0   0   0   0   0
   0   0   0   0   0   0   0   0   0   0   0   0   0   0   0   0   0   0   0
   0  32  66 106 134 154 169 171 173 174 179 186 191 194 194 196 197 198 196
 196 196 195 195 192 190 186 183 182 185 183 180 180 180 180 181 181 182 181
 179 177 174 173 171 169 166 166 163 162 160 160 150 151 143 138 157 177 203
 222 265 312 356 397 435 472 505 537 555 590 601 613 620 622 612 597 560 529
 514 503 488 456 428 416 421 435 442 441 430 405 370 330 271 213 189 147  85
  30   0   0   0   0   0   0   0   0   0   0   0   0   0   0   0   0   0   0
   0   0   0   0   0   0   0   0   0   0   0   0   0   0   0   0   0   0   0
   0   0   0   0   0   0   0   0   0   0   0   0   0   0   0   0   0   0   0
   0   0   0   0   0   0   0   0   0   0   0   0   0   0   0   0   0   0   0
   0   0   0   0   0   0   0   0   0   0   0   0   0   0   0   0   0   0   0
   0   0   0   0   0  31  67 109 139 153 154 159 164 170 178 182 186 187 189
 190 187 186 188 191 189 187 184 183 181 179 180 182 181 180 178 177 178 179
 180 179 177 174 170 160 162 163 159 152 151 145 148 147 151 143 147 147 148
 145 141 148 154 158 157 159 173 195 253 337 422 490 562 596 607 611 621 628
 629 620 607 584 557 540 499 470 460 443 437 446 444 432 411 388 365 331 281
 226 193 180 132  85   0   0   0   0   0   0   0   0   0   0   0   0   0   0
   0   0   0   0   0   0   0   0   0   0   0   0   0   0   0   0   0   0   0
   0   0   0   0   0   0   0   0   0   0   0   0   0   0   0   0   0   0   0
   0   0   0   0   0   0   0   0   0   0   0   0   0   0   0   0   0   0   0
   0   0   0   0   0   0   0   0   0   0   0   0   0   0   0   0   0   0   0
   0   0   0   0   0   0   0   0   0  36  66 103 129 141 147 152 158 168 173
 177 177 176 173 172 177 180 185 187 185 180 179 178 174 177 178 177 176 173
 172 173 175 176 174 172 169 165 159 158 153 149 142 139 136 134 131 130 131
 126 128 129 123 114 106  92  80  62  49  39  37  45  61 117 307 494 557 585
 599 601 603 611 605 588 574 578 581 561 532 514 494 465 457 446 430 411 387
 367 348 328 284 230 198 187 172 120  52   0   0   0   0   0   0   0   0   0
   0   0   0   0   0   0   0   0   0   0   0   0   0   0   0   0   0   0   0
   0   0   0   0   0   0   0   0   0   0   0   0   0   0   0   0   0   0   0
   0   0   0   0   0   0   0   0   0   0   0   0   0   0   0   0   0   0   0
   0   0   0   0   0   0   0   0   0   0   0   0   0   0   0   0   0   0   0
   0   0   0   0   0   0   0   0   0   0   0   0   0  32  56  83 114 131 138
 145 153 162 165 163 163 159 159 164 172 175 170 172 176 174 172 170 170 166
 170 169 167 167 167 169 171 168 166 163 160 154 147 137 127 116 105  98  96
  94  98 100  99  95  75  60  46  39   0   0   0   0   0   0   0   0   0 209
 446 528 560 581 589 589 588 578 566 554 560 568 560 567 580 566 524 495 462
 426 404 380 361 347 334 315 283 246 215 191 174 132  69  43   0   0   0   0
   0   0   0   0   0   0   0   0   0   0   0   0   0   0   0   0   0   0   0
   0   0   0   0   0   0   0   0   0   0   0   0   0   0   0   0   0   0   0
   0   0   0   0   0   0   0   0   0   0   0   0   0   0   0   0   0   0   0
   0   0   0   0   0   0   0   0   0   0   0   0   0   0   0   0   0   0   0
   0   0   0   0   0   0   0   0   0   0   0   0   0   0   0   0   0   0  42
  59  92 120 128 134 140 145 145 151 148 146 146 155 161 161 159 162 164 162
 162 157 155 163 161 161 159 157 158 159 157 154 148 140 126  99  68  48  35
  30  30  30  30  30  32  31  30  30   0   0   0   0  30  30  30  30  30  66
  86 164 323 453 501 522 543 563 582 583 567 555 551 545 541 546 558 565 565
 551 536 483 451 409 378 351 336 324 312 305 288 258 226 196 180 167 136  81
  44   0   0   0   0   0   0   0   0   0   0   0   0   0   0   0   0   0   0
   0   0   0   0   0   0   0   0   0   0   0   0   0   0   0   0   0   0   0
   0   0   0   0   0   0   0   0   0   0   0   0   0   0   0   0   0   0   0
   0   0   0   0   0   0   0   0   0   0   0   0   0   0   0   0   0   0   0
   0   0   0   0   0   0   0   0   0   0   0   0   0   0   0   0   0   0   0
   0   0   0   0  46  81  88 107 118 124 131 137 138 132 139 142 142 150 149
 149 152 149 149 147 149 155 154 153 151 149 139 135 137 129 113  91  58   0
   0   0   0   0   0   0   0   0   0   0   0   0   0   0   0  44  61  70  52
  49  68  87 149 295 392 445 469 488 504 524 532 534 530 529 521 510 504 515
 530 540 540 531 513 487 465 435 390 350 325 307 299 296 292 284 267 235 206
 185 172 156 101  41   0   0   0   0   0   0   0   0   0   0   0   0   0   0
   0   0   0   0   0   0   0   0   0   0   0   0   0   0   0   0   0   0   0
   0   0   0   0   0   0   0   0   0   0   0   0   0   0   0   0   0   0   0
   0   0   0   0   0   0   0   0   0   0   0   0   0   0   0   0   0   0   0
   0   0   0   0   0   0   0   0   0   0   0   0   0   0   0   0   0   0   0
   0   0   0   0   0   0   0   0   0   0  61  97 111 116 123 125 118 125 130
 131 131 131 133 136 135 136 135 133 141 142 142 139 138 126 112 107  89  60
   0   0   0   0   0   0   0   0   0   0   0  30  30  30  30  30  30  34  61
  73  83  89  91  99 128 267 358 402 421 435 452 468 485 492 489 484 479 469
 461 462 468 479 487 491 480 469 458 440 421 388 352 321 299 290 284 280 279
 275 265 243 214 188 170 152  66   0   0   0   0   0   0   0   0   0   0   0
   0   0   0   0   0   0   0   0   0   0   0   0   0   0   0   0   0   0   0
   0   0   0   0   0   0   0   0   0   0   0   0   0   0   0   0   0   0   0
   0   0   0   0   0   0   0   0   0   0   0   0   0   0   0   0   0   0   0
   0   0   0   0   0   0   0   0   0   0   0   0   0   0   0   0   0   0   0
   0   0   0   0   0   0   0   0   0   0   0   0   0   0  57  89  97 103 109
 109 110 113 118 113 115 115 116 115 116 116 116 121 119 120 113 106  74  51
  51   0   0   0   0   0   0   0   0   0   0   0   0   0  30  30  30  30  30
  30  51  71  81  90  95 104 120 186 321 360 382 393 406 421 432 442 451 450
 443 432 423 417 419 420 418 412 411 405 397 388 373 361 343 330 306 291 280
 274 268 267 267 263 255 238 211 186 168 108  35   0   0   0   0   0   0   0
   0   0   0   0   0   0   0   0   0   0   0   0   0   0   0   0   0   0   0
   0   0   0   0   0   0   0   0   0   0   0   0   0   0   0   0   0   0   0
   0   0   0   0   0   0   0   0   0   0   0   0   0   0   0   0   0   0   0
   0   0   0   0   0   0   0   0   0   0   0   0   0   0   0   0   0   0   0
   0   0   0   0   0   0   0   0   0   0   0   0   0   0   0   0   0   0  46
  62  74  85  88  81  87  90  90  90  85  82  77  66  72  80  81  76  71  52
  41   0   0   0   0   0   0   0   0   0   0   0   0   0   0   0   0  30  30
  30  30  30  39  66  78  85  92 101 113 139 226 309 328 345 359 375 392 402
 408 415 412 403 396 391 386 384 379 368 355 346 339 331 323 313 306 301 294
 285 277 271 265 260 257 252 251 248 239 222 197 175 153  79   0   0   0   0
   0   0   0   0   0   0   0   0   0   0   0   0   0   0   0   0   0   0   0
   0   0   0   0   0   0   0   0   0   0   0   0   0   0   0   0   0   0   0
   0   0   0   0   0   0   0   0   0   0   0   0   0   0   0   0   0   0   0
   0   0   0   0   0   0   0   0   0   0   0   0   0   0   0   0   0   0   0
   0   0   0   0   0   0   0   0   0   0   0   0   0   0   0   0   0   0   0
   0   0   0   0   0   0   0   0   0   0   0   0   0   0   0   0   0   0   0
   0   0   0   0   0   0   0   0   0   0   0   0   0   0   0   0   0   0   0
   0   0   0   0   0  30  50  72  80  86  94 104 119 144 193 258 288 304 323
 330 344 360 375 374 374 372 370 368 368 362 353 341 326 315 307 299 295 291
 286 282 278 271 266 262 257 252 247 243 240 239 237 226 201 179 163 121  58
   0   0   0   0   0   0   0   0   0   0   0   0   0   0   0   0   0   0   0
   0   0   0   0   0   0   0   0   0   0   0   0   0   0   0   0   0   0   0
   0   0   0   0   0   0   0   0   0   0   0   0   0   0   0   0   0   0   0
   0   0   0   0   0   0   0   0   0   0   0   0   0   0   0   0   0   0   0
   0   0   0   0   0   0   0   0   0   0   0   0   0   0   0   0   0   0   0
   0   0   0   0   0   0   0   0   0   0   0   0   0   0   0   0   0   0   0
   0   0   0   0   0   0   0   0   0   0   0   0   0   0   0   0   0   0   0
   0   0   0   0   0   0   0   0  30  57  72  80  87  95 104 119 140 164 191
 237 268 291 309 315 320 336 339 343 348 349 352 352 347 338 328 317 305 294
 290 287 284 280 276 271 264 260 257 250 243 237 234 231 228 229 225 206 182
 164 145  82   0   0   0   0   0   0   0   0   0   0   0   0   0   0   0   0
   0   0   0   0   0   0   0   0   0   0   0   0   0   0   0   0   0   0   0
   0   0   0   0   0   0   0   0   0   0   0   0   0   0   0   0   0   0   0
   0   0   0   0   0   0   0   0   0   0   0   0   0   0   0   0   0   0   0
   0   0   0   0   0   0   0   0   0   0   0   0   0   0   0   0   0   0   0
   0   0   0   0   0   0   0   0   0   0   0   0   0   0   0   0   0   0   0
   0   0   0   0   0   0   0   0   0   0   0   0   0   0   0   0   0   0   0
   0   0   0   0   0   0   0   0   0   0   0   0  50  70  78  86  94 102 114
 131 152 170 194 217 243 266 284 300 308 314 318 324 329 334 336 332 325 318
 310 299 290 286 283 280 276 273 270 263 260 258 251 241 231 228 223 221 219
 218 211 189 165 149 128  47   0   0   0   0   0   0   0   0   0   0   0   0
   0   0   0   0   0   0   0   0   0   0   0   0   0   0   0   0   0   0   0
   0   0   0   0   0   0   0   0   0   0   0   0   0   0   0   0   0   0   0
   0   0   0   0   0   0   0   0   0   0   0   0   0   0   0   0   0   0   0
   0   0   0   0   0   0   0   0   0   0   0   0   0   0   0   0   0   0   0
   0   0   0   0   0   0   0   0   0   0   0   0   0   0   0   0   0   0   0
   0   0   0   0   0   0   0   0   0   0   0   0   0   0   0   0   0   0   0
   0   0   0   0   0   0   0   0   0   0   0   0   0   0   0   0  53  74  83
  92 100 108 122 136 151 169 195 207 216 216 233 264 281 287 298 304 308 313
 313 310 305 298 291 284 280 277 273 270 270 268 262 260 260 259 250 238 228
 220 216 211 211 211 200 176 148 141 125  79  49   0   0   0   0   0   0   0
   0   0   0   0   0   0   0   0   0   0   0   0   0   0   0   0   0   0   0
   0   0   0   0   0   0   0   0   0   0   0   0   0   0   0   0   0   0   0
   0   0   0   0   0   0   0   0   0   0   0   0   0   0   0   0   0   0   0
   0   0   0   0   0   0   0   0   0   0   0   0   0   0   0   0   0   0   0
   0   0   0   0   0   0   0   0   0   0   0   0   0   0   0   0   0   0   0
   0   0   0   0   0   0   0   0   0   0   0   0   0   0   0   0   0   0   0
   0   0   0   0   0   0   0   0   0   0   0   0   0   0   0   0   0   0   0
  30  60  77  87  95 101 111 125 110 103 151 176 188 193 193 205 225 245 259
 268 279 281 281 281 280 277 273 270 267 263 255 247 241 244 251 257 259 260
 255 249 239 225 216 210 209 208 203 191 167 148 143 135 111  74   0   0   0
   0   0   0   0   0   0   0   0   0   0   0   0   0   0   0   0   0   0   0
   0   0   0   0   0   0   0   0   0   0   0   0   0   0   0   0   0   0   0
   0   0   0   0   0   0   0   0   0   0   0   0   0   0   0   0   0   0   0
   0   0   0   0   0   0   0   0   0   0   0   0   0   0   0   0   0   0   0
   0   0   0   0   0   0   0   0   0   0   0   0   0   0   0   0   0   0   0
   0   0   0   0   0   0   0   0   0   0   0   0   0   0   0   0   0   0   0
   0   0   0   0   0   0   0   0   0   0   0   0   0   0   0   0   0   0   0
   0   0   0   0  30  60  73  79  91 100 108 114 115 124 131 148 160 159 161
 176 196 212 222 233 241 246 249 250 252 254 254 251 247 216 193 174 164 158
 168 207 239 247 247 242 233 220 211 207 204 201 194 183 165 149 141 136 122
  79  48   0   0   0   0   0   0   0   0   0   0   0   0   0   0   0   0   0
   0   0   0   0   0   0   0   0   0   0   0   0   0   0   0   0   0   0   0
   0   0   0   0   0   0   0   0   0   0   0   0   0   0   0   0   0   0   0
   0   0   0   0   0   0   0   0   0   0   0   0   0   0   0   0   0   0   0
   0   0   0   0   0   0   0   0   0   0   0   0   0   0   0   0   0   0   0
   0   0   0   0   0   0   0   0   0   0   0   0   0   0   0   0   0   0   0
   0   0   0   0   0   0   0   0   0   0   0   0   0   0   0   0   0   0   0
   0   0   0   0   0   0   0   0  35  50  48  73  76  89  97  98  70  70 100
 121 137 114 137 123 171 186 199 208 216 225 228 229 231 234 236 218 187 178
 166 158 157 153 151 178 205 223 233 234 222 212 205 201 197 191 187 181 165
 145 138 134 123  90  56   0   0   0   0   0   0   0   0   0   0   0   0   0
   0   0   0   0   0   0   0   0   0   0   0   0   0   0   0   0   0   0   0
   0   0   0   0   0   0   0   0   0   0   0   0   0   0   0   0   0   0   0
   0   0   0   0   0   0   0   0   0   0   0   0   0   0   0   0   0   0   0
   0   0   0   0   0   0   0   0   0   0   0   0   0   0   0   0   0   0   0
   0   0   0   0   0   0   0   0   0   0   0   0   0   0   0   0   0   0   0
   0   0   0   0   0   0   0   0   0   0   0   0   0   0   0   0   0   0   0
   0   0   0   0   0   0   0   0   0   0   0   0   0  30  30  33  30  46  65
  74  45  46  79 111 118  99 119 146 160 174 179 185 196 198 205 211 215 218
 205 195 195 191 182 176 168 165 154 176 202 212 219 220 210 201 197 192 189
 185 181 178 165 147 139 121 101  89  65   0   0   0   0   0   0   0   0   0
   0   0   0   0   0   0   0   0   0   0   0   0   0   0   0   0   0   0   0
   0   0   0   0   0   0   0   0   0   0   0   0   0   0   0   0   0   0   0
   0   0   0   0   0   0   0   0   0   0   0   0   0   0   0   0   0   0   0
   0   0   0   0   0   0   0   0   0   0   0   0   0   0   0   0   0   0   0
   0   0   0   0   0   0   0   0   0   0   0   0   0   0   0   0   0   0   0
   0   0   0   0   0   0   0   0   0   0   0   0   0   0   0   0   0   0   0
   0   0   0   0   0   0   0   0   0   0   0   0   0   0   0   0   0   0   0
   0   0   0  34  30   0  39  62  74  57  89 105 132 152 158 102  78 147 175
 189 190 185 190 187 191 195 198 194 176 167 154 147 179 198 206 211 205 199
 193 189 185 182 180 180 174 165 146 129  98 101  91  43   0   0   0   0   0
   0   0   0   0   0   0   0   0   0   0   0   0   0   0   0   0   0   0   0
   0   0   0   0   0   0   0   0   0   0   0   0   0   0   0   0   0   0   0
   0   0   0   0   0   0   0   0   0   0   0   0   0   0   0   0   0   0   0
   0   0   0   0   0   0   0   0   0   0   0   0   0   0   0   0   0   0   0
   0   0   0   0   0   0   0   0   0   0   0   0   0   0   0   0   0   0   0
   0   0   0   0   0   0   0   0   0   0   0   0   0   0   0   0   0   0   0
   0   0   0   0   0   0   0   0   0   0   0   0   0   0   0   0   0   0   0
   0   0   0   0   0   0   0   0   0   0   0   0  30  30  35  53  88 106 111
  86  50 103 105 148 147 143 147 121 152 168 175 183 185 155 134 149 181 194
 200 197 193 190 184 179 159 175 173 170 168 157 142 121 106  85  38   0   0
   0   0   0   0   0   0   0   0   0   0   0   0   0   0   0   0   0   0   0
   0   0   0   0   0   0   0   0   0   0   0   0   0   0   0   0   0   0   0
   0   0   0   0   0   0   0   0   0   0   0   0   0   0   0   0   0   0   0
   0   0   0   0   0   0   0   0   0   0   0   0   0   0   0   0   0   0   0
   0   0   0   0   0   0   0   0   0   0   0   0   0   0   0   0   0   0   0
   0   0   0   0   0   0   0   0   0   0   0   0   0   0   0   0   0   0   0
   0   0   0   0   0   0   0   0   0   0   0   0   0   0   0   0   0   0   0
   0   0   0   0   0   0   0   0   0   0   0   0   0   0   0   0   0   0   0
  34  41  68  74  55  47  38  69 108 100  82  38  73 108 128 149 146 146 131
 139 154 171 174 168 165 173 165 154  81 125 153 146 151 147 134 124 115  87
   0   0   0   0   0   0   0   0   0   0   0   0   0   0   0   0   0   0   0
   0   0   0   0   0   0   0   0   0   0   0   0   0   0   0   0   0   0   0
   0   0   0   0   0   0   0   0   0   0   0   0   0   0   0   0   0   0   0
   0   0   0   0   0   0   0   0   0   0   0   0   0   0   0   0   0   0   0
   0   0   0   0   0   0   0   0   0   0   0   0   0   0   0   0   0   0   0
   0   0   0   0   0   0   0   0   0   0   0   0   0   0   0   0   0   0   0
   0   0   0   0   0   0   0   0   0   0   0   0   0   0   0   0   0   0   0
   0   0   0   0   0   0   0   0   0   0   0   0   0   0   0   0   0   0   0
   0   0   0   0   0   0   0   0   0   0   0   0   0   0   0   0  57  91  93
  94  78  69 114 124 130 136  82  95 119 112  96   0  47  98 119 117 128 113
 108 107  86   0   0   0   0   0   0   0   0   0   0   0   0   0   0   0   0
   0   0   0   0   0   0   0   0   0   0   0   0   0   0   0   0   0   0   0
   0   0   0   0   0   0   0   0   0   0   0   0   0   0   0   0   0   0   0
   0   0   0   0   0   0   0   0   0   0   0   0   0   0   0   0   0   0   0
   0   0   0   0   0   0   0   0   0   0   0   0   0   0   0   0   0   0   0
   0   0   0   0   0   0   0   0   0   0   0   0   0   0   0   0   0   0   0
   0   0   0   0   0   0   0   0   0   0   0   0   0   0   0   0   0   0   0
   0   0   0   0   0   0   0   0   0   0   0   0   0   0   0   0   0   0   0
   0   0   0   0   0   0   0   0   0   0   0   0   0   0   0   0   0   0   0
   0  51  38  51   0   0  53  60  39  51  30  37  39  49   0   0   0  30  47
  46  68  81  83  88  65   0   0   0   0   0   0   0   0   0   0   0   0   0
   0   0   0   0   0   0   0   0   0   0   0   0   0   0   0   0   0   0   0
   0   0   0   0   0   0   0   0   0   0   0   0   0   0   0   0   0   0   0
   0   0   0   0   0   0   0   0   0   0   0   0   0   0   0   0   0   0   0
   0   0   0   0   0   0   0   0   0   0   0   0   0   0   0   0   0   0   0
   0   0   0   0   0   0   0   0   0   0   0   0   0   0   0   0   0   0   0
   0   0   0   0   0   0   0   0   0   0   0   0   0   0   0   0   0   0   0
   0   0   0   0   0   0   0   0   0   0   0   0   0   0   0   0   0   0   0
   0   0   0   0   0   0   0   0   0   0   0   0   0   0   0   0   0   0   0
   0   0   0   0   0   0   0   0   0   0   0   0   0   0   0   0   0   0   0
   0   0   0   0  30  30  57  51   0   0   0   0   0   0   0   0   0   0   0
   0   0   0   0   0   0   0   0   0   0   0   0   0   0   0   0   0   0   0
   0   0   0   0   0   0   0   0   0   0   0   0   0   0   0   0   0   0   0
   0   0   0   0   0   0   0   0   0   0   0   0   0   0   0   0   0   0   0
   0   0   0   0   0   0   0   0   0   0   0   0   0   0   0   0   0   0   0
   0   0   0   0   0   0   0   0   0   0   0   0   0   0   0   0   0   0   0
   0   0   0   0   0   0   0   0   0   0   0   0   0   0   0   0   0   0   0
   0   0   0   0   0   0   0   0   0   0   0   0   0   0   0   0   0   0   0
   0   0   0   0   0   0   0   0   0   0   0   0   0   0   0   0   0   0   0
   0   0   0   0   0   0   0   0   0   0   0   0   0   0   0   0   0   0   0
   0   0   0   0   0   0   0   0   0   0   0   0   0   0
